vec3distvec time = 0.06816, result = 583.180908

vec3distveci time = 0.05386, result = 583.180908

Matrix4x4_Concat time = 0.38023
0.059219 0.553467 -0.830763 0.000000
0.378000 0.757819 0.531815 0.000000
0.923910 -0.345522 -0.164334 0.000000
100.000000 200.000000 19.999996 1.000000

Matrix4x4_Concatsimd time = 0.10995
0.059219 0.553467 -0.830763 0.000000
0.378000 0.757819 0.531815 0.000000
0.923910 -0.345522 -0.164334 0.000000
100.000000 200.000000 19.999996 1.000000

Matrix4x4_Concatsimdu time = 0.11545
0.059219 0.553467 -0.830763 0.000000
0.378000 0.757819 0.531815 0.000000
0.923910 -0.345522 -0.164334 0.000000
100.000000 200.000000 19.999996 1.000000

Matrix4x4_Transform time = 0.09012
234.482727 534.583801 11.748507

Matrix4x4_Transformsimd time = 0.05163
234.482727 534.583801 11.748505

Matrix4x4_Transformsimdu time = 0.05173
234.482727 534.583801 11.748505

Matrix4x4_Transform4 time = 0.11089
254.482727 574.583801 15.748507 1.200000

Matrix4x4_Transform4simd time = 0.03772
254.482727 574.583801 15.748507 1.200000

Matrix4x4_Transform4simdu time = 0.04030
254.482727 574.583801 15.748507 1.200000

